SM:2024-02-18T16:59:41.1351244Z
LM:2024-02-18T16:59:41.3690575Z
CT:image/jpeg
MA:604800
CL:21655
