SM:2024-02-18T16:30:43.7665799Z
LM:2024-02-18T16:30:44.4394651Z
CT:image/jpeg
MA:604800
CL:19950
