SM:2024-02-18T16:59:41.0129136Z
LM:2024-02-18T16:59:41.3755818Z
CT:image/jpeg
MA:604800
CL:22788
