SM:2024-02-18T16:57:41.5463286Z
LM:2024-02-18T16:57:45.3520194Z
CT:image/jpeg
MA:604800
CL:26636
