SM:2024-02-18T16:30:43.8583395Z
LM:2024-02-18T16:30:44.4394444Z
CT:image/jpeg
MA:604800
CL:26636
