SM:2024-02-18T16:30:43.9899690Z
LM:2024-02-18T16:30:44.4394434Z
CT:image/jpeg
MA:604800
CL:21655
