SM:2024-02-18T16:30:43.9084451Z
LM:2024-02-18T16:30:44.4410276Z
CT:image/jpeg
MA:604800
CL:16020
