SM:2024-02-18T09:49:57.2074273Z
LM:2024-02-18T10:31:25.9695669Z
CT:image/jpeg
MA:604800
CL:13420
