SM:2024-02-18T16:30:43.8104888Z
LM:2024-02-18T16:30:44.4394782Z
CT:image/jpeg
MA:604800
CL:29201
