SM:2024-02-18T16:30:43.8104888Z
LM:2024-02-18T16:40:32.2797628Z
CT:image/jpeg
MA:604800
CL:8528
