SM:2024-02-18T16:57:41.4653227Z
LM:2024-02-18T16:57:41.8506051Z
CT:image/jpeg
MA:604800
CL:22788
