SM:2024-02-18T16:30:43.9084451Z
LM:2024-02-18T20:57:45.7708223Z
CT:image/jpeg
MA:604800
CL:5227
