SM:2024-02-18T16:59:41.0820350Z
LM:2024-02-18T16:59:41.3900904Z
CT:image/jpeg
MA:604800
CL:26636
