SM:2024-02-18T16:57:41.5013038Z
LM:2024-02-18T16:57:41.8531332Z
CT:image/jpeg
MA:604800
CL:16020
