SM:2024-02-18T16:30:43.6309502Z
LM:2024-02-18T16:30:44.4403981Z
CT:image/jpeg
MA:604800
CL:32690
