SM:2024-02-18T16:57:41.2746511Z
LM:2024-02-18T16:57:41.8481084Z
CT:image/jpeg
MA:604800
CL:19950
