SM:2024-02-18T16:30:43.7665799Z
LM:2024-02-18T20:57:45.7708461Z
CT:image/jpeg
MA:604800
CL:6569
