SM:2024-02-18T16:59:41.1804632Z
LM:2024-02-18T16:59:41.3722159Z
CT:image/jpeg
MA:604800
CL:19950
