SM:2024-02-18T09:49:57.2074273Z
LM:2024-02-18T13:39:19.2262826Z
CT:image/jpeg
MA:604800
CL:23607
