SM:2024-02-18T09:49:57.2074273Z
LM:2024-02-18T13:38:37.2494067Z
CT:image/jpeg
MA:604800
CL:46407
