SM:2024-02-18T16:57:41.5935801Z
LM:2024-02-18T16:57:45.3558291Z
CT:image/jpeg
MA:604800
CL:29201
