SM:2024-02-18T16:30:43.9084451Z
LM:2024-02-18T16:40:32.2797441Z
CT:image/jpeg
MA:604800
CL:6318
