SM:2024-02-18T16:59:41.0512597Z
LM:2024-02-18T16:59:41.3898081Z
CT:image/jpeg
MA:604800
CL:32690
