SM:2024-02-18T12:49:30.2316912Z
LM:2024-02-18T14:35:19.7104452Z
CT:image/jpeg
MA:604800
CL:32620
