SM:2024-02-18T16:59:40.9313190Z
LM:2024-02-18T16:59:41.3675148Z
CT:image/jpeg
MA:604800
CL:16020
