SM:2024-02-18T12:37:46.2943629Z
LM:2024-02-18T14:39:55.1429695Z
CT:image/jpeg
MA:604800
CL:39801
