SM:2024-02-18T12:49:30.2316912Z
LM:2024-02-18T14:37:29.3330768Z
CT:image/jpeg
MA:604800
CL:22784
