SM:2024-02-18T16:57:41.4179865Z
LM:2024-02-18T16:57:41.8507692Z
CT:image/jpeg
MA:604800
CL:21655
