SM:2024-02-18T08:52:44.2921108Z
LM:2024-02-18T08:52:44.9915825Z
CT:image/jpeg
MA:604800
CL:54181
