SM:2024-02-18T16:57:41.3657532Z
LM:2024-02-18T16:57:41.8563717Z
CT:image/jpeg
MA:604800
CL:32690
