SM:2024-02-18T16:30:43.9572206Z
LM:2024-02-18T16:30:44.4435818Z
CT:image/jpeg
MA:604800
CL:22788
