SM:2024-02-18T16:59:40.9674283Z
LM:2024-02-18T16:59:41.3930240Z
CT:image/jpeg
MA:604800
CL:29201
