SM:2024-02-18T12:49:30.2316912Z
LM:2024-02-18T20:37:03.5934523Z
CT:image/jpeg
MA:604800
CL:26398
