SM:2024-02-18T16:30:43.7665799Z
LM:2024-02-18T16:40:32.2797772Z
CT:image/jpeg
MA:604800
CL:7538
