SM:2024-02-18T16:30:43.8583395Z
LM:2024-02-18T20:57:45.7707877Z
CT:image/jpeg
MA:604800
CL:6850
