SM:2024-02-18T16:30:43.8104888Z
LM:2024-02-18T20:57:45.7775568Z
CT:image/jpeg
MA:604800
CL:21700
