SM:2024-02-18T16:30:43.9572206Z
LM:2024-02-18T20:57:45.7726389Z
CT:image/jpeg
MA:604800
CL:6746
